512 512 64 24
10 30 73 104 143 176 192 212 229 252 278 290 308 320 344 376 396 426 452 484 28
28 59 86 116 128 142 161 186 206 230 275 310 340 370 404 434 464 32
36 62 96 124 150 192 231 268 293 334 366 400 434 467 33
50 84 116 151 170 194 213 237 271 294 322 349 373 400 428 450 477 27
10 31 57 69 106 131 156 182 207 231 254 277 301 325 358 386 413 438 459 472 24
28

# Height in pixels, width of space in pixels.
# X pixel positions. Start X = 0. Last position is width in pixels.
# Very last number is the width of last character in pixels.